0000000 122 111 106 106 044 132 012 000 127 101 126 105 146 155 164 040
          R   I   F   F   $   Z  \n  \0   W   A   V   E   f   m   t    
             1179011410          678436      1163280727       544501094
             1179011410          678436      1163280727       544501094
          18770   17990   23076      10   16727   17750   28006    8308
0000020 020 000 000 000 001 000 004 000 364 001 000 000 240 017 000 000
        020  \0  \0  \0 001  \0 004  \0 364 001  \0  \0 240 017  \0  \0
                     16          262145             500            4000
                     16          262145             500            4000
             16       0       1       4     500       0    4000       0
0000040 010 000 020 000 144 141 164 141 000 132 012 000 244 117 037 367
         \b  \0 020  \0   d   a   t   a  \0   Z  \n  \0 244   O 037 367
                1048584      1635017060          678400      4146024356
                1048584      1635017060          678400      4146024356
              8      16   24932   24948   23040      10   20388   -2273
0000060 261 035 106 005 064 113 240 357 044 030 177 002 302 113 042 362
        261 035   F 005   4   K 240 357   $ 030 177 002 302   K   " 362
               88481201      4020259636        41883684      4062333890
               88481201      4020259636        41883684      4062333890
           7601    1350   19252   -4192    6180     639   19394   -3550
0000100 320 031 270 004 044 122 033 374 241 037 155 011 205 130 254 001
        320 031 270 004   $   R 033 374 241 037   m  \t 205   X 254 001
               79174096      4229648932       158146465        28072069
               79174096      4229648932       158146465        28072069
           6608    1208   21028    -997    8097    2413   22661     428
0000120 367 047 236 015 351 131 051 004 111 053 333 015 367 134 175 014
        367   ' 236  \r 351   Y   ) 004   I   + 333  \r 367   \   }  \f
              228468727        69818857       232467273       209542391
              228468727        69818857       232467273       209542391
          10231    3486   23017    1065   11081    3547   23799    3197
0000140 145 061 143 020 112 133 360 006 163 057 120 015 121 126 016 376
          e   1   c 020   J   [ 360 006   s   /   P  \r   Q   V 016 376
              274936165       116415306       223358835      4262352465
              274936165       116415306       223358835      4262352465
          12645    4195   23370    1776   12147    3408   22097    -498
0000160 243 051 122 010 275 120 222 366 034 047 021 003 137 117 144 367
        243   )   R  \b 275   P 222 366 034   ' 021 003   _   O   d 367
              139602339      4136784061        51455772      4150546271
              139602339      4136784061        51455772      4150546271
          10659    2130   20669   -2414   10012     785   20319   -2204
